750
243 744
262 714
204 782
10 991
161 824
175 805
53 956
172 808
182 800
88 912
72 929
67 937
20 984
414 581
114 885
252 721
44 967
481 513
470 524
8 993
318 675
475 521
454 543
169 813
51 958
105 892
153 835
417 579
444 552
463
162 818
138 856
387
133 861
52 957
469 525
101 898
163 817
134 858
458 537
55 952
49 960
345 643
15 988
386 612
155 834
231 758
341 657
281
443 553
46 965
390 608
151 838
152 837
157 832
146 846
314
80 920
452 544
270 703
382 619
484 511
424 572
124 873
494 498
409 585
461 534
474 522
137 857
130 866
190 795
150 840
256 717
437 562
939
185 797
736
478 517
237 751
344 651
226 760
165 816
376 620
147 841
259 715
688
92
250 726
408 586
248 735
269 705
249 731
413 582
224 762
108 891
58 947
375 622
402 595
313
330 666
118 881
922
91 911
144 847
244 740
365 632
218 769
160 825
104 894
32 977
27 981
343 653
497
188 796
336 662
392 607
372 625
410 583
196
436
37 973
422 573
337 661
0 999
2 996
355 635
6 995
234 753
59 946
388 609
368 630
423
756
434 563
168 814
889
339 659
236 752
584
304 684
327 668
350 637
40 968
393
426 571
331 665
394 603
754
71 930
84 918
198 789
263 711
12 990
199 788
99 901
415 580
290 695
997
109
820
69 932
288 697
219
289 696
899
482 512
936
123 876
173 806
307 681
143 853
156 833
401 598
371 628
428 566
79 927
321 674
76 928
227 759
490 503
102 897
320
324 670
396
373 624
465 528
492 501
31 979
285 698
353 636
438 558
405 589
366 631
127
183 798
22
775
266 709
241
329
297 685
385 615
384 617
96 903
129 868
119 879
546
395 601
128 871
648
962
221 765
447 547
113
242 749
126 872
896
335 664
860
18 985
180 801
115 884
261
472
223 763
87
64 943
272
215 770
209
777
179
195 793
93 910
878
383 618
9
471 523
131 862
94 909
264 710
206 781
187
550
271 701
257 716
200 783
36 974
576
3
291 689
171 810
338 660
65 941
95 904
28
403 590
246 737
706
638
913
399 599
286
191 794
464 529
745
451
214 773
193
68 934
728
459 535
301
488
476 518
47 961
295 686
407 587
216
495 496
50
479
761
251
567
23
779
449 545
455 542
855
25
602
416
238 750
732
504
942
381
848
83
207 774
507
430
333
54 953
275
30 980
82 919
771
560
273 700
890
493
551
38
211
287
606
13
485
803
457
66 940
197
654
57 949
81
450
228
467
86 915
78
964
605
867
328
466 527
951
125
359 634
253 720
519
235
404
723
499
532
149
645
588
4
880
154
70
561
509
557
799
217
181
254
277
836
225
116 883
729
746
158 828
969
260
145
768
994
141
294
103
439
348
611
741
725
907
117 882
347
98
398 600
887
559
302
367
61 945
364
644
309
536
34
802
139
19
391
924
89
300
827
419 577
604
480
663
870
306 683
713
864
487 510
739
468
202
201
724
189
247
255
5
652
349
623
502
830
594
712
845
950
908
310 676
352
877
508
539
406
446
555
954
280 699
986
360
473
411
148
245
210
831
370
432 564
284
500
906
48
935
90
11
921
821
296
166
677
435
268
516
265
823
844
757
429
35
358
233
433
41
541
616
755
184
650
629
812
85 916
975
549
679
819
292
792
21
203
627
849
704
279
178
839
923
323
963
7
614
176
363 633
972
106
926
427 568
167
208
852
305
389
613
727
456
900
533
742
905
462
707
530
641
992
356
933
111
322 673
445 548
767
120
97 902
267
692
460
874
669
865
159
418 578
671
776
596
421
229
232
400
786
361
778
332
743
73
931
554
888
702
570
656
987
369
486
682
274
610
970
575
708
886
311
944
719
440
142
998
299
278
718
60
75
804
63
505
39
362
342
29
442
213
597
526
212
851
483
121
136
687
303
283
593
514
222
869
815
863
591
978
722
807
574
24
100
826
77
62
140
177
787
312
520
240
565
319
491
893
626
809
26 982
640
538
875
453
843
811
45
298
1
658
667
378
346
377
425
412
680
205
374
672
733
230
515
850
791
540
842
790
690
325
441
730
316
334
506
315
966
983
380
693
917
976
531
16
829
42
276
186
785
354
925
112
74
14
431
556
351
107
258
694
854
379
859
174
239
647
340
489
110
293
639
938
895
822
420
164
780
955
678
747
132
621
170
357
317
326
691
592
43
397
655
649
122
734
738
764
914
772
448
33
17
477
192
135
642
194
220
282
569
308
646
766
959
784
748
948
971
989
56
